n = 4096
3113	3122
3079	3068
2657	2606
2438	2231
2650	3883
1031	1027
2951	3943
3265	3177
4003	3293
1008	982
2348	1456
3051	3137
3045	3096
456	812
244	2318
3104	211
2008	1781
2507	3025
2365	796
2596	2711
2207	230
3407	3666
1300	66
2019	3427
2743	1248
3068	3051
1099	2300
839	175
1956	970
1002	1028
989	972
4049	2035
1523	3633
3152	2509
3014	3120
1047	981
1804	3580
3415	343
1187	2143
2872	2977
2549	2077
2648	555
2178	2881
3703	3478
2948	4016
1328	2112
381	3081
3042	3031
727	2992
764	3709
3400	1011
3109	3014
3105	3094
3066	3076
3085	3074
1056	1072
2979	1653
2734	3771
3075	3036
1857	3097
1969	3598
418	3998
1031	1065
3289	2052
3225	2430
1051	1071
980	1080
3936	817
1934	4032
3848	3988
988	1007
552	1407
2086	2533
2011	3690
3904	3682
2500	1213
2787	2298
2138	2029
3369	1230
3093	3074
1007	1022
2734	1743
1049	1017
3976	3373
2770	1010
2813	785
3236	1810
1618	2896
605	2048
3116	3055
987	1022
2618	192
3082	3117
759	3782
952	2871
3748	1627
1922	3985
1023	1021
3028	3030
2512	3646
3065	3087
978	1616
1032	1030
2923	4025
1012	1029
1307	3719
829	3586
1940	169
1917	4087
1922	763
2655	1566
3089	3061
1043	1023
3097	3082
1043	1030
2018	3854
3050	3092
3644	3969
1761	33
1406	1640
3274	3402
1584	1988
2495	360
2588	2046
3419	1478
3848	2715
3074	3056
1020	1022
3023	3760
1819	3667
2321	528
617	729
1599	2786
1872	3371
3409	2809
2460	222
3059	3008
3015	3114
1161	3528
49	2518
1041	978
3513	2023
1010	1002
2872	1242
3101	3019
694	244
2730	632
3429	2146
1845	2459
3820	2144
4003	618
3741	197
3125	3072
1023	1041
1119	3347
1634	286
3510	661
1563	213
3096	3070
1046	1083
275	2044
3077	3053
108	1360
2408	3076
3675	62
2815	2365
1973	696
3094	3608
1005	1073
3063	3055
2755	113
3392	837
2884	413
1345	2912
3072	3071
218	785
1449	3060
747	437
1211	3998
3100	3078
1025	1023
3074	3060
1062	1009
1646	3904
654	1089
1307	2383
214	661
3093	3077
3045	3062
3104	3106
1023	1025
2411	55
994	1017
821	2748
3321	3323
1002	1035
191	3860
1023	1036
1009	1017
339	2374
3830	2426
1971	227
999	1019
2776	2833
1477	1225
1918	3096
3843	1311
3278	2827
2863	449
3912	67
1640	190
2348	2915
2215	3436
741	934
824	3953
2365	684
1331	233
968	727
1941	388
3064	3131
707	3423
2663	1721
121	1608
3820	834
251	1547
992	986
3064	3133
1076	1071
2942	2018
523	973
2463	3150
3062	3058
1016	1017
1528	2441
1737	231
3044	3015
785	3159
3943	2495
3029	3099
3090	3021
3094	2804
2622	2095
2038	2857
3036	3040
3102	3016
1070	989
48	1936
2933	1576
2249	2866
1031	1039
3831	1311
3001	3517
1047	1011
758	33
3671	1108
2419	3546
1457	2696
2852	1609
612	3792
3224	2393
60	1780
3865	852
2162	2889
3031	3087
1935	2050
319	159
3066	3077
3261	1166
3353	612
1967	2920
4057	2711
2727	780
1002	1075
3722	1583
1054	1051
648	1151
1001	1083
3108	3084
3622	732
1037	1011
3273	2134
3508	3821
1580	2660
3995	2732
1031	2917
1455	3825
1004	1020
992	624
3090	3081
691	3341
2665	74
3463	3384
1230	2066
3712	1395
1032	1022
151	3873
3039	3065
2160	3101
3104	3090
3997	3950
3064	3056
321	4008
990	1011
2805	3604
44	552
359	3460
3087	3078
1464	3292
1372	2291
1943	2906
1716	1758
3418	1237
1570	3390
3928	766
783	3458
3107	2970
3071	3089
3127	3099
3422	31
3812	2918
1178	1430
3219	2604
1121	2254
2626	1062
3086	3034
3669	540
1092	1137
3539	2572
3074	3114
3035	2163
3922	39
3110	3047
99	3010
3975	107
4073	1075
351	1690
3237	2865
1148	1309
2432	2437
2878	938
3981	2705
2742	2369
1275	3302
671	4017
1003	1010
311	1971
3173	2894
3270	1301
3187	1477
3059	3137
1060	1075
3510	965
2035	1470
1424	3057
2901	1760
3050	3055
1275	2981
2376	984
2751	521
1730	3850
1019	1008
470	457
2175	1440
3122	2591
1400	205
407	8
3081	3483
977	1000
550	1020
1645	509
3037	3099
1879	526
3107	3073
1018	985
625	3303
2587	1359
2637	1735
3017	3366
3544	255
1171	3861
3032	3066
2822	3928
2341	1531
1345	2928
201	491
1032	964
2805	3153
2569	2027
1111	445
2721	253
1888	2393
3134	3052
1323	3980
317	1611
1576	1642
3332	583
1047	1043
2445	2016
1878	1611
1718	322
3938	2716
3662	2153
3080	3078
860	2307
1902	3456
876	446
3045	3077
4028	3908
1053	999
279	361
2729	2011
123	2117
1702	279
3885	3487
833	3245
2537	3077
3095	3074
1053	1034
234	893
2377	509
1573	2584
1896	2555
2559	2625
3989	2336
3320	91
1059	2136
1433	912
3084	3091
2213	3527
3377	2171
1323	2800
3909	2268
970	1039
2846	3734
2199	2032
2683	2244
3745	1466
3385	2665
946	3629
1551	2053
3065	3083
1487	3058
3076	3049
2690	2948
2570	2066
1055	1017
558	2416
3089	3084
2999	3094
2415	3139
3913	2578
1779	3987
1002	1029
1046	1031
3728	3153
2165	1352
2328	1842
496	3279
2039	1140
2358	479
3026	2942
105	2767
1012	1008
1019	1001
3238	2586
3475	1017
2903	389
3088	3079
951	2237
3351	2495
2178	790
3280	3651
2958	3620
117	1054
405	3426
3355	1936
1025	1053
763	2280
1009	998
2918	2329
3521	1874
3524	1591
3569	2649
3139	492
3064	3049
453	3557
3082	3113
448	1845
3816	3305
1019	1005
2929	2681
2543	3106
1163	3077
1097	711
3162	2590
1022	1087
3011	3126
348	3622
1010	1011
501	1387
1007	1010
68	3426
982	984
291	1841
3149	2597
1903	3806
3506	3651
1193	3833
994	3630
3066	3091
1355	2151
5	1437
2996	3538
3270	1328
3443	1353
4030	1004
3913	1670
594	3035
856	2924
2807	2403
3367	1930
4050	1261
871	2616
182	2658
3061	3027
367	3998
3024	3087
3301	3621
3036	3079
1028	1012
3709	1870
1022	959
2453	1990
940	2371
1583	3053
1766	730
2196	2287
2326	1592
3474	440
1160	96
2310	153
2117	3323
2362	1704
3425	1492
2392	493
398	1724
3133	3054
3100	3052
2652	3484
353	309
2946	3910
504	1172
3686	913
1682	2788
1144	2258
2004	2739
2431	1641
240	2368
3895	1898
643	1354
3446	2986
1810	309
1044	1010
3767	1052
3158	3904
3977	1241
2100	618
3039	1760
944	542
335	2229
3189	2305
3051	3067
2362	3363
2327	3503
220	364
3466	1164
3471	65
1914	3755
3482	1927
2212	932
971	3349
3737	352
3200	297
914	292
3078	3068
2941	1929
3089	3048
1037	1052
954	1050
403	1477
2568	3691
3784	445
996	1044
992	2622
1039	996
3082	3104
3782	2842
2594	2774
3219	1540
3318	1217
3089	3066
1058	3280
95	1007
37	1289
299	2096
3232	108
2939	967
2081	166
3076	3074
1141	4094
1	3040
3810	2991
1895	890
724	1499
3759	3217
2948	2636
2634	1630
3051	1308
2440	845
1029	1020
650	3186
3740	2363
2608	2067
3694	2591
3992	2330
3490	3101
3089	3002
3071	3187
3067	3020
1758	1441
1305	308
1180	1433
3158	3335
352	478
1524	938
2463	492
1270	2221
3088	3095
3523	1312
1010	1058
1009	1002
2216	368
3067	3069
2977	1102
3061	3126
3117	3049
479	867
2761	318
1825	1364
2734	1153
3069	3139
1837	4060
2833	3747
417	123
757	3995
1031	1077
1819	900
559	976
1013	995
3162	1189
328	3803
1855	506
1865	3433
2165	721
4058	2361
1310	2723
1662	2433
1388	473
30	3476
2139	2047
545	2843
3055	3092
2667	1608
3279	1441
3791	2096
3579	2349
3301	506
1670	2926
2325	1636
1653	1374
3870	1463
1987	498
2354	2549
1809	2928
3854	3850
72	284
2035	1641
2641	906
137	739
1124	47
524	1174
3236	1295
981	993
827	824
1294	2177
320	141
1478	982
2172	3403
1023	970
983	1049
1014	961
3493	3248
1232	1256
1080	971
3102	3058
3047	3097
4024	1484
1535	427
2603	1565
3058	3066
1020	1006
803	1926
1336	2153
3205	1311
2724	3620
548	4086
2443	1395
3461	3525
1641	2952
3186	3715
245	3361
98	941
3085	3061
193	2293
2116	666
1809	816
3051	3081
3482	3506
1057	3048
3004	3684
182	3773
1244	3040
3889	817
765	3126
1042	1046
810	2958
977	1030
3619	245
87	3621
1990	3088
314	3359
1845	23
789	3517
2575	1636
2513	140
996	1042
1039	1008
1529	816
3081	3100
3067	3085
3786	3977
1926	2799
1015	1033
2221	2207
3084	3086
1678	1232
2041	2642
2470	3189
558	1192
3070	3001
1511	156
1401	420
1998	2679
927	2753
1177	481
3083	3085
3800	3546
2498	1847
2709	4067
3253	2615
3097	3079
3693	2927
2945	2126
3102	3111
841	515
2801	2143
3064	3069
1279	155
2287	808
1967	883
6	3072
3797	1086
927	1106
1024	1020
1229	3508
1227	3965
1187	6
1468	2543
1304	3461
2268	1240
1842	2924
3113	3033
1153	3105
1579	2594
3099	409
506	617
2416	3372
3081	3134
1038	1055
1674	2086
386	1020
2366	3444
2787	1336
2465	1392
2697	1510
1154	3116
502	1589
2149	3818
3835	1782
3466	1929
386	2503
640	3653
623	474
1601	1778
2441	3032
2565	2806
3682	2186
1101	938
1209	2380
3037	242
3794	3706
3222	1576
170	1873
371	2987
1310	1
1555	3510
599	1508
1949	330
3357	777
3019	3057
3864	1354
1019	999
2256	2423
192	2037
1423	3215
3096	823
3090	3080
1058	1537
1681	3778
545	1895
993	1002
811	1631
415	558
3071	3097
3049	3020
1098	798
4056	2109
3538	137
1652	2350
2129	3026
1669	3138
1610	983
270	2483
1047	3068
986	1059
1547	421
3024	3090
2893	4073
2241	3459
2533	1757
3848	3374
252	1734
3096	3066
2741	1309
2353	944
2708	935
3831	1999
545	2141
1248	1564
2819	1538
1085	1040
3054	3068
1826	61
1061	1089
3089	3043
3084	3065
2543	153
2516	3409
2750	3612
1926	1636
2266	2216
1598	3679
4031	1649
3047	3085
2693	2978
1072	1009
2851	1620
1003	1034
648	3985
3990	2939
986	1030
131	2960
3077	3048
3097	3092
527	934
19	3813
1965	4015
386	1852
3044	3098
1014	1028
725	3184
1539	1104
1435	423
3517	66
3850	17
2156	1680
3091	3072
1808	3831
2956	619
3087	2992
1008	1044
3954	3047
2159	1729
3169	242
3870	1685
303	2070
577	2595
566	4092
308	3665
228	1132
997	1018
3619	3919
2978	312
1028	1040
3350	36
3836	1316
625	2092
3740	2772
4040	3258
3715	2505
3115	3091
2172	759
3082	3057
3068	3134
3456	1601
678	2688
1330	472
3957	3883
1916	3486
2050	244
3346	305
2102	1302
3646	2496
3001	3359
635	3771
1819	3320
377	1596
1661	1117
1012	1020
1993	1295
3890	15
3833	2944
845	2393
1009	1102
2702	1237
2083	3665
3041	3120
175	3225
3141	2378
3059	848
1850	760
1680	1486
3992	709
2453	3724
479	471
1813	980
3981	619
1017	1014
1023	996
1559	2228
3682	37
4048	2340
1412	202
1283	3711
2059	2059
2835	3771
434	1422
3032	3012
1023	1035
3961	3797
3334	2987
3309	2779
3091	3084
3077	3014
3781	2856
1856	3723
216	2771
401	1783
3314	3237
1603	310
2498	1371
3037	3094
3027	3094
2698	32
1051	979
3057	3450
2773	335
3084	3074
2998	1251
2552	1020
2105	166
319	2264
3848	2986
2958	1400
569	1358
1007	1024
1059	3655
2315	3917
3606	1479
315	2236
2550	763
1063	1096
3073	3057
3805	2879
2498	3065
2528	1273
1035	1078
579	1414
3048	3072
2513	282
1606	1075
1776	2245
3360	57
2330	4075
2316	2525
3042	3484
550	2068
2255	229
3103	3081
3096	3049
676	1272
1003	1021
2198	1993
2071	3752
2566	3564
2187	3005
1047	1031
1113	2073
1039	999
3062	3089
718	703
2278	1374
3636	190
3354	2943
4030	1762
3951	1393
1012	1032
3877	2419
3582	2129
3076	3082
367	2336
3079	3003
12	1804
2329	3312
998	1048
983	1023
1025	1050
3727	2275
3110	3092
3806	1648
755	435
3072	3054
1893	265
2823	37
553	2978
542	2527
3084	3123
1021	1016
1015	1091
444	3083
638	2909
3056	3107
1698	576
3093	3526
3529	2812
1723	2260
3012	3063
273	2054
1389	2672
2829	3153
3122	646
1283	2431
106	1921
3182	4000
1049	1332
1387	2036
1810	3416
3235	1194
1954	253
3084	3063
1042	2285
3497	3366
240	1597
982	1009
3937	3026
343	1860
2425	3931
785	3460
3085	3079
2250	913
2928	1909
2832	547
1949	2340
1019	972
1004	1496
2470	723
3963	3195
1071	588
2541	1786
3469	3752
981	1057
1003	998
3380	3173
3543	2868
1692	2453
4091	104
3449	1797
1041	986
1076	1035
1349	726
1004	1040
1950	717
1936	1586
253	136
648	258
2000	2016
610	1813
3483	355
2123	2752
2139	1422
1104	2625
898	1347
196	1807
3194	980
898	4007
3606	2087
1861	1254
3057	3103
1171	2538
1188	324
2315	2423
241	2343
1488	2814
1511	2125
2393	2470
1488	3807
2939	2131
3412	1784
179	3898
1168	1771
413	258
3134	833
1993	975
735	2125
2958	1722
3081	3050
561	938
3898	3941
1962	1494
2821	2349
2246	2748
968	1774
3226	130
1063	987
3389	3986
1088	995
3579	701
1000	1032
1307	366
1742	1352
3792	3827
836	1798
2629	2421
4005	1014
3796	942
2813	2370
982	2613
3498	3870
3083	3075
1045	3228
2920	634
371	3125
1390	2881
1911	3635
1608	2342
1051	1027
4042	2466
1008	718
694	2388
3729	3878
3082	3097
4003	1707
3069	3082
3879	1043
3505	2193
537	2679
3060	3097
1546	11
1030	1027
3088	3002
765	2917
90	2720
692	3451
3045	3812
3658	1343
2283	3757
966	1909
1378	1923
2739	3295
3385	3549
1951	334
3360	1079
732	3274
1015	1024
1692	2433
3411	3032
3294	3326
3078	3080
3004	3155
3083	3102
3121	3076
3270	2588
2024	87
2215	593
3120	1071
3400	244
2436	416
3090	3041
3086	3120
995	1040
1764	1597
2147	45
1005	1093
1091	1991
2943	3002
987	2213
523	578
2912	3722
3082	3090
1021	1022
1006	993
390	1631
3732	3906
2301	565
3084	2698
492	163
1423	20
3400	2585
2855	1459
579	236
2033	3278
1736	335
3349	249
2574	3878
242	3575
2448	2191
307	243
781	1400
463	1801
1626	2970
3103	3959
3031	3006
38	892
3099	3084
996	980
3010	3121
3603	3984
1972	385
989	1015
3342	1391
1009	1023
3091	1297
1776	3439
3034	920
1959	1883
1047	1041
1386	3616
1540	177
2216	3073
2909	1165
3000	2857
3043	3070
669	1096
887	2414
1061	1084
1367	2216
996	1019
1037	1058
64	2542
960	2357
583	1710
2345	3469
1477	616
3071	3062
1688	2569
1008	4091
525	1263
3093	3101
936	970
3904	3256
995	1024
176	3342
3727	1187
62	1930
816	2800
2152	417
3401	1224
662	2569
3431	577
1768	337
1026	996
2498	4085
2927	681
488	1624
1934	1817
1042	1000
2529	2521
3053	3086
3059	3077
1769	3941
881	3487
3925	3530
1034	1027
2475	1694
3079	3012
2138	1704
109	3257
1014	1027
992	1036
802	1554
3351	2634
2322	3241
1081	1071
1030	1031
3114	3072
3122	2634
1042	1011
1941	3313
1042	1016
982	1034
1017	1081
182	2244
1077	1013
3844	286
1927	711
3122	495
3049	3053
3084	3044
3533	3324
983	1027
1466	932
1019	1042
3058	3105
776	1987
3052	3033
536	1684
3025	3116
732	2676
759	3517
1164	3625
3886	1307
970	1027
1663	52
2885	2322
3573	2592
3582	3208
995	1044
1048	1038
1013	1050
1792	2189
3369	2350
1530	2349
1025	3876
1571	1153
3703	203
1088	2145
3170	1475
3480	1017
3123	3566
745	3678
3356	2176
2808	607
2169	2357
3067	3090
977	1037
3076	3066
3803	3227
4051	115
2828	2826
3047	3072
3080	3106
596	1207
2546	767
592	3335
12	3547
3079	3081
1091	3081
1037	3627
1018	1015
1029	1035
1036	1005
3048	3084
2735	505
2627	430
3106	1197
1598	339
3058	3088
1475	2100
2797	4004
3949	2148
3108	3056
2290	3747
3333	106
3074	3021
3079	4010
650	42
1655	826
2175	2630
4006	107
1020	1013
4049	3659
3337	2617
1007	1033
1032	1032
872	3227
2470	1571
2415	917
3615	3134
2337	2492
1008	990
1046	1023
2724	2907
2804	1209
2551	3535
3117	3100
2951	2416
3527	1049
3358	3604
1665	2827
3095	3046
3602	1754
100	1723
2264	2402
790	2003
3134	3055
1447	3250
3519	2136
43	3654
991	3232
1070	1030
3457	3015
501	2382
3047	3063
1010	995
3940	397
1827	2787
2690	592
946	3377
969	1018
482	318
1649	2078
3030	3205
777	963
1028	1054
1118	3523
3035	3041
1493	4
3898	363
2432	2134
1795	3325
2026	2352
3191	2497
3037	3107
1709	2012
1345	2312
3015	3102
3163	3866
2839	2385
3215	336
2173	1421
2013	3926
2403	1069
1814	727
3135	373
2723	565
1016	113
2536	352
3079	3086
3063	3063
1748	1802
1979	2597
1121	3914
953	2332
1029	1204
835	864
3970	1260
1081	1072
2823	3774
2341	1481
3663	2708
28	1290
3280	3912
513	296
4086	1137
43	3836
1061	1055
2361	2229
3049	3074
1079	996
3867	1314
1159	1216
152	3881
3714	3923
2574	2470
2577	3692
1561	2325
3077	3088
2848	1910
689	2865
1113	4057
2632	3476
2605	1122
1469	1554
1220	3949
3263	2533
2075	411
31	2546
62	1210
2775	1326
1017	1011
4013	1156
3059	3093
93	582
2371	1040
3060	3115
417	1207
3345	1957
2212	3761
2184	1352
1056	985
2741	1661
3143	2940
2895	3615
337	2530
3394	1030
1982	58
962	3123
16	1583
1024	1039
3108	3583
699	3634
3332	314
226	3758
2147	362
614	2163
3843	968
1464	3337
1041	1024
442	1260
186	1187
3471	1902
997	1871
4031	2805
1021	999
1154	1791
1018	1003
1021	1034
449	1103
3625	1330
3064	3109
1099	3595
1953	1980
976	2073
3129	3082
3100	15
1557	1790
2046	2483
3882	2963
3065	3055
1029	2348
3530	1388
2770	1059
3897	975
2895	3639
3839	3377
526	3608
3111	3097
3082	3064
47	1558
2007	3088
136	1728
1028	1069
3091	3077
152	1460
3940	2867
1009	1013
1751	3556
1029	987
406	2862
3181	1311
3485	1238
262	212
3860	2205
999	621
1499	3970
972	1012
463	2711
167	3550
233	4004
1949	3076
3699	3665
307	984
3599	4041
1037	1042
298	1407
3653	1263
3024	3041
4027	2364
2884	3243
1002	1033
3019	3122
1000	1026
3127	2963
1749	2257
160	1306
484	3638
1039	1043
1606	1569
30	2512
3072	3039
3090	3074
985	1009
1885	2849
1579	2992
3073	3066
1061	991
1077	967
1892	3146
1838	1645
1797	2525
3126	1821
1029	1030
673	3990
3927	1556
716	1335
3063	3076
428	227
3060	3086
678	82
3897	4092
3867	2323
2499	2636
3765	3566
1008	797
3414	2660
1008	1020
391	2732
2766	3739
3075	3045
1798	2615
2753	872
3063	3105
1373	879
3445	3699
1725	2401
604	371
3840	1720
3105	3045
1843	3329
480	3463
3179	2881
3077	3020
3186	1844
2023	2292
3467	1452
3026	3070
660	2775
1031	1025
3171	2559
1872	3792
3855	2424
1040	1005
3107	3094
1681	1702
3982	239
1186	1542
3051	3062
3133	3073
2069	1504
2168	3244
992	1051
3197	3606
2916	2843
3322	2042
2569	269
3535	1549
3862	3623
1025	1077
2748	3922
751	697
430	2566
1516	1292
1363	903
2447	2000
1831	1204
1307	1543
36	1468
599	1586
2014	76
2078	36
3110	3064
1130	1752
1020	1015
2839	2160
2042	3469
2768	1129
990	1593
2353	1432
3089	3040
1315	286
2900	3021
827	690
3	2643
2579	1417
624	3989
2957	3309
2286	3963
988	1008
106	3389
2961	2712
2773	1821
3774	2147
1431	252
3941	255
750	1731
4058	3781
5	1244
3089	3094
2035	3601
4019	138
3102	4010
1942	2350
3020	3042
3549	773
520	3390
3045	3095
2407	1028
3455	1236
960	1074
3132	167
3333	1874
3847	810
3697	2281
981	1038
967	1336
3004	2191
934	548
848	2680
3085	3091
2505	2136
4048	4027
3073	3034
835	2382
1080	1057
2163	179
168	451
1012	1160
3074	3051
3065	3071
3076	3107
2190	1707
1573	2968
2425	3706
3863	1497
1134	2792
1016	1004
3196	1031
2568	996
3223	1665
1020	1068
3090	3095
2213	1694
1715	3254
790	3543
1326	2468
3096	3035
3406	1924
953	2200
3270	1084
2339	3066
3064	3099
3099	3063
3061	2116
565	3334
397	3083
2279	1529
3052	3023
3030	3087
3073	3074
2229	1931
1058	839
3765	2738
1056	1009
1005	1000
1928	1792
708	3805
1004	1056
3984	2797
3575	2620
273	165
3236	182
3108	3107
1003	1029
2670	219
1989	4008
3	1564
3634	2305
1052	1063
3866	2698
2100	637
3116	3048
1017	1021
1007	973
993	1017
1909	737
1576	1499
1061	1020
981	989
2574	130
864	2321
2689	3967
3679	1208
1016	1034
2845	4073
524	1672
3034	3128
394	1142
3067	3072
3064	3092
1996	3088
3189	2966
3626	272
3793	3845
2116	3263
3724	2571
3072	3041
885	3220
3024	3025
1104	1119
1081	1059
1819	2039
2456	1888
467	4051
1205	325
1462	769
2957	3760
3073	3088
2721	3351
1062	1061
509	507
304	2166
446	525
1323	2
3748	3753
235	1906
1768	1586
79	3968
1962	858
288	3715
3114	1288
3362	3500
1044	1264
1034	1026
60	565
1058	965
816	3467
3090	3071
1945	1096
7	473
3113	88
3637	2471
856	1899
3636	3450
3082	3073
3505	2774
1019	1050
1508	1909
515	1866
2514	1273
1021	1028
1030	998
3076	3083
2878	1720
2112	2941
1021	1026
3453	3619
255	3403
1964	1008
1307	1707
1749	31
371	2731
3180	3646
1071	2448
1101	172
1521	129
3026	2277
1921	1029
3099	3071
1867	2470
201	1581
1009	1012
3014	3091
1083	3041
3086	3093
1076	1732
3075	3115
699	2112
3725	1725
3437	2369
1459	1074
997	1007
2307	3214
1543	3856
3717	457
569	3662
1014	1052
1016	1018
302	4054
723	2363
2860	1946
3518	1158
1002	1025
1084	1973
875	1568
1808	2234
3141	3017
3124	3038
2586	1509
1014	1002
3088	3046
3097	2268
1219	2307
992	1028
3091	3068
983	982
1038	1024
278	2144
1364	4041
946	1085
603	3110
1323	820
1877	1727
2475	1932
3038	716
970	1060
3205	1516
2414	156
1032	1051
3079	3044
410	1126
2501	2093
140	300
447	1167
541	2640
43	2651
1270	594
2161	14
3076	3072
309	1517
117	2066
2530	209
2188	3265
4033	2481
3060	3059
2359	3669
1058	2833
3060	3080
3097	3073
2797	2856
1041	995
3073	2392
299	330
3898	3135
2975	1084
1516	497
2074	2888
4004	1768
1787	289
3094	3075
2890	4051
3146	612
1993	2312
3043	3073
511	1942
1482	3050
2162	2305
4082	1513
3320	95
487	1697
1849	2115
1025	1022
453	1439
52	253
3070	3058
3080	3076
1037	1014
2740	3779
3274	1761
1874	1805
2065	220
3131	1464
3009	3064
4059	553
2440	823
1001	1028
3412	1102
103	243
453	3228
1555	1829
1009	1014
3527	1879
2517	217
986	1647
521	2753
3077	3126
4033	1688
990	999
685	1087
1025	1036
1018	1022
2789	1093
3047	3075
962	3078
3138	3017
3123	3033
1000	1010
3481	42
1023	968
4056	2375
3016	3056
3793	2021
3489	3045
3996	2075
992	568
939	3841
3561	838
323	876
3799	2367
2780	1962
593	765
3754	2149
1034	1036
2912	1177
3803	3072
2654	155
1192	4041
3669	2794
1121	3980
1174	536
3566	1097
764	347
1214	508
1594	2366
3278	513
2727	3236
1744	1061
2207	1853
2383	3265
961	987
3083	3058
3968	831
1486	1881
2980	104
755	1713
3045	3136
966	1064
1293	652
1459	998
3047	3113
3444	1947
2355	2163
1078	2911
2418	1468
3050	3063
3010	2262
1533	1231
1059	798
188	1624
280	3811
463	1270
2041	528
453	3595
2109	1996
3105	3049
1538	1642
3061	3078
998	1045
1371	3588
3048	3065
1381	1014
2649	10
2730	2987
2343	591
3567	414
3079	3080
360	1719
2092	3791
3091	3074
4076	2618
1049	996
479	3792
3088	3082
637	1224
2130	3384
3036	3086
3717	1732
2336	544
3093	3089
1038	1002
1044	1038
2614	2674
1011	1024
975	1327
2580	868
997	1027
3489	3289
1707	244
841	3852
4049	2895
3020	3083
977	3345
1675	783
2952	1330
1014	1012
1056	1010
1577	3591
1428	2687
3898	712
1039	665
2807	1699
439	1989
3606	3376
1448	3707
2394	874
4017	751
938	752
119	2082
2250	2911
156	3560
3722	3133
1320	822
136	3896
3748	3155
999	1009
30	3311
1072	3647
1500	1224
3071	3069
1193	2618
3123	3117
3826	1716
4019	2518
1013	1020
2551	3180
1701	396
3130	3017
3129	3022
3120	1582
891	1903
3318	201
297	149
3059	3054
3089	3030
379	4024
3557	2273
3425	2034
3079	996
500	1996
3019	3068
1027	1026
949	2545
2804	1714
2638	1604
1062	3964
3321	2557
3036	608
968	985
1798	3491
138	2380
1047	1017
2632	2141
1435	1559
3196	1898
275	117
962	1079
1506	1573
503	17
3063	3099
1043	1035
311	3655
1609	796
1313	2434
791	494
1881	2469
925	2491
1018	1059
2119	4008
944	2373
3328	1185
1266	3218
654	2875
3068	3082
327	1135
3693	957
1195	477
938	3080
3456	1244
1072	1582
3051	3088
1301	387
2267	3009
740	2547
961	39
1622	1439
1474	456
2473	3068
2206	1378
859	3011
1073	1061
1639	742
3345	297
3921	2202
801	2498
2417	1827
3982	1122
3103	3070
44	3261
3503	3885
192	1726
754	2643
3705	2183
3072	3077
1040	1041
498	1934
3045	3087
3097	3063
1037	1013
1037	1038
1966	2090
3620	1381
3706	2357
3087	3071
1003	1020
1775	1107
3762	1597
1009	717
3257	3484
1958	2808
272	2286
3507	2395
1024	1024
3083	3094
2764	3414
3932	532
1109	1447
3084	3100
1002	1031
3062	3072
3136	3110
2655	2636
1005	1019
1088	2114
1470	1823
1750	3090
3427	2169
3503	1796
3820	2335
1103	1036
502	2568
1753	1779
1435	934
1646	2036
3105	3027
1595	1224
2591	351
232	3018
1529	1401
559	374
3053	3073
2796	3432
3674	485
4083	1149
3008	3083
3195	1176
2917	2613
1927	2207
429	3230
347	3193
1169	1902
3083	3053
1737	2218
586	3837
968	976
1797	2114
908	1172
3084	3027
968	1056
134	147
3110	984
4047	3066
987	1076
364	2134
3985	2941
1753	926
3500	3933
70	717
1084	1887
1279	2677
1040	1023
2107	943
152	317
1016	1063
656	1549
1563	1326
3086	3086
3538	2533
650	2508
1076	1049
2000	3626
1275	2870
3309	1675
1012	1077
2427	3062
1461	1763
1139	2795
142	1549
1191	2817
2942	2444
489	3674
3086	3076
960	2136
3792	3285
1031	988
886	2971
1734	1481
3082	3082
1861	1512
2555	803
3045	3546
413	2407
222	3238
1976	1663
2725	887
3046	3095
1009	1006
2951	2790
929	4072
959	3540
1326	3725
4095	2240
3860	261
2351	2181
1427	1465
591	3656
423	1981
732	2507
1055	1014
3072	3088
1565	2970
1266	1862
1458	2670
1011	1005
3692	206
2992	3063
3052	3080
176	622
949	2034
1017	1019
507	2528
1046	999
1842	372
1005	1051
264	4065
3058	3073
3887	895
2343	1769
4024	3988
3584	457
3915	1565
2097	820
1023	1004
1972	3065
2547	3624
1314	1769
3042	3085
1104	1037
2697	411
1040	1015
2361	418
3275	2550
1010	1026
2346	3038
3072	3033
1000	1014
3081	3070
3013	3049
188	2272
3934	514
3670	1700
2193	4031
421	458
3083	3026
3124	259
3091	3093
420	3022
3444	1268
3056	3104
785	1887
1039	1003
2592	76
3066	3051
1192	1270
1777	3799
1330	1993
2907	2154
2473	1917
1087	1024
1012	1028
2353	508
3775	3772
1082	1048
95	1630
1567	1144
3705	3548
2469	2641
1198	426
3612	934
1753	1593
1002	1700
2332	59
221	3211
1792	1210
1009	1076
3075	3097
249	3003
728	2717
496	2912
1036	1000
1563	23
852	710
3090	3059
2971	1149
147	3665
1360	1860
875	1424
3054	3084
580	978
838	1401
1461	417
180	1407
1009	1018
3211	1395
3087	3061
2333	1308
1640	787
2181	3420
1030	1039
1359	1785
1021	997
2455	2859
647	2002
542	2481
3186	3988
231	1922
2034	564
2375	1608
3634	212
313	1681
2318	660
1421	2746
3002	3044
2927	3201
1919	1983
2138	705
3940	39
3515	2008
3059	3085
3863	648
3366	849
962	2283
3295	2079
1585	1891
291	267
3085	3974
3655	1051
2558	2486
2631	2930
1024	1029
3113	1790
1048	1008
1731	3730
403	92
3098	3073
2302	3642
2649	3579
3923	152
3063	3079
2891	2539
3114	3124
2805	1622
620	672
4031	1763
3176	2088
1912	3113
2951	3051
1936	3921
1013	1019
1668	3983
697	2810
3940	1121
3365	3963
1347	72
1997	3590
1576	2977
3104	3052
1029	1027
3415	22
812	3420
1791	2993
1698	2442
2506	1242
3211	1839
2937	2633
166	3099
2913	382
3045	1628
3981	244
2849	3984
2514	1612
2491	2196
4042	2036
2899	3026
1715	3827
1819	3801
163	225
3181	3075
3065	3036
3855	848
852	1595
2998	3086
1205	1855
1043	1011
1100	1769
974	973
3102	3019
1303	1788
1514	1421
3334	10
329	3241
1090	3532
3320	1886
58	2635
3094	3100
3062	3092
2643	2580
3474	1660
1034	1007
2116	3123
3068	3054
12	846
707	2333
536	667
1092	1006
2476	3515
3966	2920
2728	576
1700	1041
2840	1600
1488	3270
1800	478
3050	3054
258	2574
3069	3095
1001	997
3775	3956
3560	3277
163	2346
3055	3106
1233	3556
3269	2830
1029	2678
3519	2929
2643	2211
118	1820
1014	1059
3442	3186
355	3107
835	3929
3208	3384
881	3959
768	2890
3048	3086
3091	3069
1018	1010
2720	2949
1191	559
3450	329
2252	1902
2	3332
1008	2877
1044	1037
3096	3763
1956	777
666	659
2126	3956
1025	1006
3551	2643
1006	1000
1926	3889
898	1052
3471	3079
759	1320
1067	243
3817	3757
207	3748
2172	2242
1041	989
1009	2997
3080	3077
1762	925
4012	1518
1748	19
718	3996
3114	3106
384	1569
1003	1032
198	1103
3496	2305
1937	3640
2064	1981
1029	2609
1754	1571
2829	1911
1789	2949
3044	3086
3114	3110
2228	2720
1665	2834
151	1193
1414	3517
1032	1004
556	2482
2652	187
2464	2100
2462	57
2429	392
1584	356
1094	2514
3991	589
1090	1213
2990	1564
685	3940
1759	476
3518	444
1095	1065
1063	2946
2303	2845
1033	1016
3063	3087
2667	1984
2900	3544
753	750
750	3606
1061	152
421	2410
2981	3858
274	2564
2820	1235
3368	1372
760	3202
958	261
3523	1841
883	3481
2179	1511
1221	1748
828	783
2488	1086
3506	2407
3937	2033
2919	2424
2604	345
869	4049
190	2054
149	3436
695	1766
3055	3024
1674	3915
3204	969
1668	3729
3408	1536
3013	3089
1055	1010
1260	1360
975	989
608	183
313	724
3443	3732
1052	987
2380	1772
1017	1016
3118	2191
1406	2824
3071	3081
3084	3040
2616	1351
3057	1122
1424	1529
2433	3988
2761	3505
1287	576
710	866
550	3539
1046	1072
3091	1074
3505	1431
3825	3204
3181	1769
1086	997
1016	1039
3863	3338
1063	1078
2734	2845
2388	1157
195	1641
886	1669
2339	1294
2726	2156
728	2016
2477	2287
2362	3681
3977	2546
229	337
2436	2495
979	1101
2949	2386
3098	3075
679	2670
1363	3436
3076	3091
631	2470
1456	511
1009	1049
3065	3081
3102	3052
1015	1018
1841	3394
234	61
1821	3986
2394	1104
3935	1400
4019	2485
350	3807
1361	1324
3824	4014
3859	384
2639	2935
3087	3105
546	2414
1845	577
1201	2177
1036	1002
3413	1134
473	3952
3759	3205
3231	235
1342	949
3081	3067
1027	1031
378	3
2888	1978
673	1702
3984	552
3188	2454
3099	3117
2361	3214
988	1048
670	2565
1013	1031
1081	3010
3114	3098
1906	2804
2848	2856
1209	1687
1247	2170
989	142
3372	2874
2662	3609
1101	3328
604	3971
2082	1898
1202	2670
2977	3367
379	3748
3041	3113
1211	3302
1084	1076
2855	89
816	2697
2581	542
1725	3584
1894	3268
494	117
314	272
1013	1030
3321	1256
302	20
3052	3085
3045	3036
3010	3110
4067	3129
3511	3069
990	995
316	422
108	3532
3035	1945
975	1836
1392	2713
606	2562
2246	2801
742	1933
3772	3460
77	1233
833	3150
1247	1583
179	2010
1701	3045
1058	974
1635	3741
4093	3556
1814	1515
3596	3221
1691	1273
222	501
2716	925
1399	314
220	2857
1749	2755
3279	1327
2514	3560
2739	3508
6	2518
611	2612
3514	2361
869	2299
1028	994
2555	1216
2528	298
3519	4021
3077	3077
1166	404
3082	3059
1986	3916
420	2077
3059	3069
3503	3612
2825	3979
3855	3617
618	940
3090	3043
2047	99
3962	799
3642	3141
2165	1974
317	2431
1732	4081
307	3348
750	1304
3398	1052
2400	3091
217	404
2472	819
3740	1696
3027	419
1040	1048
2858	1280
2879	1553
1664	750
1348	148
3062	3051
1360	1785
3021	905
3075	3075
2033	2516
99	1837
2327	3982
3107	3077
1705	2322
3755	204
2505	1990
3083	3090
1451	3690
239	822
3063	3064
3023	2495
3080	1536
3020	3855
646	3346
2923	3336
1030	1035
3590	3700
1366	4052
1015	1047
3703	279
3077	3066
300	3881
3072	3337
188	2789
964	1170
2201	1925
2789	119
1780	1356
3795	3036
1486	418
1038	1047
2509	876
1627	4086
3981	1749
1016	1029
985	1022
2537	2452
2491	3236
3752	2560
3083	3084
1023	1008
674	400
3078	3071
3368	2650
2666	3475
824	2186
1662	3660
2865	571
3889	2821
2969	3966
1027	1024
1002	994
1465	98
2280	557
3047	3138
3107	2886
3046	3099
484	297
3460	2584
732	2550
1071	3060
88	2491
410	779
1022	1029
1170	1845
831	1873
1005	1026
1681	99
2174	2400
2192	2627
360	2728
1415	900
985	968
336	3921
3024	3118
336	1364
4060	3717
315	121
3068	3034
983	92
1410	3285
3041	3033
100	2035
945	2618
1046	955
3104	3089
2292	741
1033	1042
2432	65
3486	191
2235	1596
1066	3604
1888	157
2271	1180
3588	1724
1039	1010
1864	153
2929	3310
3059	3068
3076	3046
3636	3707
1027	1063
1015	175
3063	3049
1997	1042
3075	3072
993	1005
654	3162
3141	981
422	2619
3468	7
1543	2547
3377	1510
642	3933
723	2868
3091	3079
3059	3058
3095	3061
2880	3633
921	2945
2343	3342
2627	3130
433	3257
3031	1076
3667	3939
1021	1059
3061	3072
720	2484
574	1450
3608	1605
3836	462
2726	706
2349	4058
2007	910
1041	1039
1750	2918
741	890
1943	3138
3053	3059
3472	2343
2096	2794
703	1893
2530	1506
47	150
985	2798
2874	1563
3028	3026
845	2546
108	1317
3067	3086
3171	3889
1607	3432
3086	3063
2200	2232
2086	338
1897	603
2080	2588
2441	3656
1915	3594
494	3043
3512	3894
1687	2179
3109	3129
2250	3015
983	1038
3046	506
4003	1108
1040	1021
190	2843
1276	2358
2917	1061
3093	3084
1045	1032
1070	1063
3520	2610
1032	1012
1482	1704
3893	1155
1363	1773
996	297
3047	3082
3452	731
1107	2051
188	3549
3055	3012
914	1887
594	1243
2671	1743
3541	3389
3021	3114
1043	980
1307	3540
2709	3163
1560	795
3701	499
2831	3421
2738	1188
3142	1737
2265	3838
674	2560
4093	1165
1013	162
1767	3277
161	512
3878	1912
3440	246
211	692
1527	1107
3377	194
744	1887
619	3638
3344	2142
1304	2802
1011	1002
2445	1459
752	2915
2549	3211
2982	2403
2256	2231
2974	3614
3218	3900
3760	3111
1037	968
1221	3917
2729	4068
3129	3067
1282	2322
3065	3074
3546	4045
3094	3073
1044	1086
1159	1251
3080	3054
879	3214
3096	3075
2863	3092
1052	1057
991	1078
3101	3080
3091	3062
1079	1378
1002	1022
3696	3933
3863	2015
2251	3596
2295	3199
3454	2924
2287	2946
3087	3083
93	1890
603	342
3665	1120
1022	1040
1449	326
2201	3831
2926	3955
3970	1618
3045	3061
199	2462
76	1997
1040	1034
2366	3219
1714	3751
1027	1022
2407	1299
995	1014
3071	3092
1294	1982
3721	2022
2644	2407
3075	3074
3572	663
1304	2820
160	3897
3119	3108
3465	3439
2356	2572
1004	961
2025	3194
3087	3055
3720	435
181	999
1057	1033
3753	1223
3678	702
3163	2382
549	1451
484	2037
3076	3084
2182	1512
1597	3924
1825	3491
336	3437
492	1835
3563	3691
2165	630
3064	3135
3023	3113
2379	98
4027	2676
2914	3504
1014	1018
1956	508
2144	1881
3040	3017
2749	3541
2285	3722
2238	845
2383	433
2470	1814
3031	3096
3555	2038
3088	3023
4084	2889
351	2230
1009	1011
1372	2838
3455	2881
2092	1797
813	342
1032	966
3394	3405
208	3715
1073	979
1996	1084
1687	2007
1035	1039
3089	3076
3029	3086
2091	1584
1061	1007
2730	495
3440	2791
292	2509
4035	631
1896	2232
20	444
2164	1205
2669	4048
1534	495
982	2657
2307	1167
2501	2275
2467	159
2156	3873
2371	1843
1004	1074
1296	482
4012	1348
3369	1554
2213	379
1052	1054
1215	201
2297	2147
3161	1266
346	3684
789	1919
3071	3076
3512	906
2431	225
955	1030
2091	1864
550	1331
2323	933
3077	3067
2857	1171
3166	2082
3080	3041
2734	1810
848	3675
1306	2108
2317	1737
3256	659
3666	3766
3091	3096
3187	3283
1005	1025
672	2772
2867	3439
816	154
3989	2161
1973	2800
3099	3096
315	449
456	2838
3023	3030
2352	1560
1286	1668
2309	1045
1016	1015
606	3188
338	2973
1022	1056
3933	1026
668	2195
2692	1761
894	1445
1186	849
444	838
3645	2862
972	2423
3121	3103
2450	2990
2254	3182
1124	352
1004	1008
3074	3112
2810	2738
541	298
1005	1007
1393	3060
3768	1337
853	408
2709	1965
3028	3116
1420	868
63	2611
2789	3285
1939	3400
3043	3781
2066	825
1109	1357
3617	3002
291	3660
276	3321
3049	3054
548	330
3045	3083
353	1809
448	1562
20	2644
1753	3718
600	95
977	1001
721	3360
551	3914
916	1451
1442	1413
1533	458
454	3742
1101	3716
1966	350
2490	262
1021	983
978	1024
1559	1252
3506	1637
2768	294
3078	1346
603	3816
3069	3034
2549	1592
2667	2913
3452	1234
1070	975
1048	1042
1054	1011
2320	2521
1045	1080
3071	3071
2356	3776
1689	455
304	735
3516	3039
2675	3631
672	4049
2636	112
1294	3812
1185	1356
677	2151
3684	2315
2717	2482
3485	2256
3086	3088
1786	3143
1986	183
1673	1823
2817	854
1864	1842
1614	4039
2860	825
338	615
3079	3093
1616	2129
3065	3085
3908	1128
3819	3163
286	20
3075	3053
627	3951
641	3113
1333	3977
3082	3100
3713	1930
3580	3431
2376	3156
3314	3915
1584	138
3640	125
2131	2916
1062	978
700	343
886	1102
1487	345
3436	544
788	782
2724	454
3088	3080
3582	2983
1455	1000
1469	39
3050	3076
3080	3094
1476	2194
3070	3018
3097	2262
1023	1002
3297	2089
3080	1834
496	2331
2211	2045
1033	1005
1925	3580
395	3730
4025	1247
1923	1781
1529	1923
1131	598
754	1486
1024	1051
3114	3107
3796	2305
2945	1482
3982	637
2920	338
2240	538
268	837
2053	2170
1134	3117
1985	874
733	3742
3352	487
1057	1560
3082	3112
1018	1007
1023	1058
1020	1085
3009	3129
4083	2555
1008	1012
3078	290
1004	1011
2475	1068
3390	1106
3677	1784
3046	3002
2084	151
3063	3093
2321	2369
1263	2005
1951	3133
1016	979
1110	610
430	2342
462	3713
3040	3083
1187	783
1020	952
3952	3587
3629	1388
3140	3054
424	136
1936	2292
1212	3824
1649	781
1804	1964
429	623
3597	2592
1062	1035
1651	3134
3072	3082
1481	2631
3843	2342
2671	652
1053	1094
3073	3065
1033	1070
469	161
20	2371
1058	1017
1069	3072
1346	3649
2302	2254
3699	435
2083	245
3074	3094
3068	3089
3887	3556
1037	1744
3320	3522
184	161
1042	1823
915	2113
2342	2946
2509	2815
920	2388
4008	69
2402	3534
1236	2051
4040	3165
2536	447
507	2095
2420	1257
2828	2025
3080	3043
1046	1027
1865	2868
2766	3496
3242	980
2642	1557
1751	1765
1022	1031
3964	719
675	344
3171	1867
47	1912
864	351
1066	1458
2949	787
3004	2091
2879	3967
3284	2565
1920	682
4048	999
1405	1523
609	712
3811	211
297	3744
3338	2265
706	210
2462	1322
2601	2144
928	2294
4043	3670
3553	1427
1954	1763
2108	69
32	3104
1846	224
2272	1396
3073	3076
2207	1539
290	2923
3075	3079
840	2280
127	2849
2471	2754
1021	1006
2104	346
2591	2405
2845	4026
2981	747
64	3781
2893	352
1167	1437
3076	3038
3615	3270
964	1647
1182	1089
2466	1371
512	1297
585	2361
2582	495
3443	3066
780	2388
3063	3022
1022	1008
3512	340
2374	2682
1015	1057
1923	2588
1210	2361
2951	3918
3119	3104
1556	2812
1917	1015
3792	3901
40	2361
890	3404
173	1785
3182	2097
1655	1487
1007	1029
3061	3127
3796	3638
1377	942
1156	735
2646	3601
2323	2459
1437	1938
1818	347
3093	834
3745	3638
1237	1719
1057	3240
3588	2367
1784	3110
3759	4021
3895	3542
455	1120
2279	2640
224	3113
1513	1902
1934	1543
952	1676
2678	854
3009	3134
1010	994
2253	2405
1957	2469
1343	2046
2829	2482
1012	1031
3025	3026
1037	1023
175	1980
256	1674
3213	2668
3049	3038
2579	2079
3034	3076
3048	359
2804	462
2302	1541
3168	1668
2970	2033
2629	3651
2228	288
1492	3598
4078	730
3060	3040
1078	967
2944	2027
740	294
2968	1514
1647	1841
343	2292
2660	1273
321	563
2563	907
1074	1043
1930	454
3054	3094
848	2744
3361	982
636	2825
1058	1079
451	2984
1354	1987
3190	2036
199	3486
1855	1610
3080	3056
2278	708
2095	2141
3804	1171
2604	293
3842	3845
1044	1068
2709	1390
2659	870
636	1391
4046	813
524	689
4022	3105
1061	1014
979	1113
1544	4047
2831	3903
1941	3321
1044	1047
2257	564
3009	3555
703	2244
1220	3711
1032	3073
61	171
3895	3920
2850	3037
526	3457
2127	309
3290	2132
3893	2776
3038	1462
3569	1349
497	3430
1837	2325
4005	1285
2457	3112
1166	447
481	1846
980	1029
3420	2056
2218	2896
993	1043
3307	661
3861	2708
875	4069
1063	2444
3697	167
395	3866
4022	453
2305	1454
1875	925
389	3794
3083	3045
531	4005
3086	3098
1017	1037
1856	1715
3074	3074
1939	3748
3674	2380
1137	2325
1039	1018
2056	1914
1008	1000
2792	3055
3107	566
3229	1576
1019	1024
2231	2010
1025	1007
2299	14
1017	1053
1007	1001
1976	575
1031	1008
3466	2861
2382	4064
3306	236
3376	3081
2044	2447
3537	2907
3071	3136
1025	1005
2524	2137
3004	3662
3514	3029
1117	21
3022	595
1141	601
1333	3039
3082	3134
3207	1316
2016	92
3147	2784
1034	1056
1856	3131
3252	1811
2908	598
1538	1455
2360	1413
1521	1155
1558	918
1362	587
981	1815
3523	1582
1008	1010
1676	4
700	1537
524	2253
931	3740
2100	3474
3734	335
2859	2553
1780	3288
2854	2312
3349	926
3138	203
569	463
797	1634
469	3350
2987	1137
2332	3514
1543	1602
1572	2214
1978	2398
991	1002
3072	3096
1024	967
2741	1380
3499	1998
3151	495
3046	3088
2359	207
2193	1558
1006	968
97	2235
2784	2157
1055	984
1077	1042
2117	303
620	640
3625	2438
2900	3212
2724	3802
1490	93
3896	779
3558	1321
3905	1148
1370	2345
685	872
1707	3131
1248	1723
2997	896
3156	2728
1004	533
2012	628
1015	1020
1060	1085
3180	1638
1028	1000
938	951
333	3287
1043	1078
410	2635
293	2586
532	1252
1186	2056
3284	3938
3838	1826
1317	1063
1041	1016
2772	3674
689	1892
3803	805
1439	3770
2036	1621
2563	338
1694	3560
1195	3698
798	1764
374	1041
818	562
1003	1036
3095	3079
1041	1027
1065	348
1046	1004
3361	3929
3931	2926
24	2028
3623	489
1005	1055
2423	3360
2074	1565
2522	651
3450	2529
1018	1024
666	1139
1005	1013
3060	3056
2693	3380
434	1630
275	3635
2845	1654
2878	266
145	1755
2690	1151
2239	1227
1416	2393
999	1018
3026	1058
1372	4082
2827	81
1124	2208
3478	1811
3926	478
2529	1822
1029	1042
3116	3091
1386	2645
1050	995
3068	3135
3104	3039
1804	3695
559	3264
1842	2474
2653	1500
2159	1185
1015	1100
2849	448
3132	3535
3617	1900
3118	945
3039	3122
1021	1005
1696	1644
2603	2473
1026	1004
2251	1509
2705	2696
2568	2018
950	842
833	3555
3953	3094
981	1000
1795	3696
2774	1531
1662	3393
2410	1154
1021	1035
2480	2827
3072	3016
986	1057
1997	1052
1118	3830
3739	1373
2021	1237
608	2492
3018	3093
3099	3062
1087	1040
1000	1027
658	3060
2603	3091
2598	2597
794	2701
654	2320
1063	1087
2432	3700
2273	3085
2838	2724
3529	332
3184	2929
3452	3016
1026	1012
3709	3219
2208	3114
1595	2457
3053	3079
2563	4040
2134	185
284	1792
2072	1748
2306	3516
1069	1002
443	1339
1493	1844
1706	2255
3104	3046
1012	1022
3199	3283
3066	3052
3755	1291
2477	3535
1025	1033
85	1168
497	2373
2187	528
2019	1936
1047	1022
2296	3545
1156	2709
3824	715
2457	2768
1340	1313
3077	3001
610	3790
1288	1454
32	3314
2397	39
987	2770
327	3184
3366	2997
1416	852
2578	2790
1839	1156
883	2181
3569	783
1042	2391
2405	3373
3530	264
3042	3067
3066	3088
1130	64
3275	2483
3328	3404
749	3344
3520	3941
1275	3689
3075	3107
4087	1752
354	2547
345	1146
1069	2364
2447	3835
3640	3365
3355	2642
1553	444
1012	995
1480	1264
3071	3053
814	762
1034	1005
2245	633
3183	1174
2594	3438
6	3367
2518	54
642	3135
3347	1388
3924	3908
1018	1091
1196	1626
3655	3912
1458	3815
1150	2693
1059	1031
3667	1117
2416	3786
1308	4014
146	3270
3960	1641
4032	1052
1022	1020
1538	3239
220	43
3821	2181
3090	59
1979	850
1837	3554
2172	842
1536	5
624	3047
580	3574
4038	3630
1289	136
3084	3062
393	947
1202	2895
982	1010
4013	2569
1758	3537
3328	3006
1159	3903
480	3636
1019	1041
61	1566
1020	973
257	3279
979	1059
1834	1179
177	3081
604	1842
3028	4083
3172	1070
3019	3100
3671	3672
3161	2428
1594	1629
1043	985
1077	1033
3036	3067
2185	1390
1839	251
3056	3110
3043	3077
1512	4094
1973	809
1632	2042
2635	2261
3948	1455
1397	1723
1037	1074
1053	1635
810	1605
3005	4015
1067	985
1447	4009
830	1910
3674	1722
1081	993
225	1497
3095	3055
412	2080
1110	586
221	2331
2260	44
203	752
3107	3060
3076	3051
2026	3517
1039	994
4066	3536
2907	4038
3186	1105
1049	1021
69	1770
2044	3715
1008	1052
2379	445
